index1	index2	height	clustersize
32	79	-34.0545705951313	2
136	137	-30.0527984104508	2
30	31	-29.997342382006	2
9	128	-28.989357762008	2
57	80	-28.5206550696782	2
401	404	-28.3952405220805	4
130	402	-27.3415251241798	3
34	403	-27.3012067435957	3
21	51	-27.2864685413682	2
8	22	-27.190377892373	2
18	46	-26.8899906999944	2
15	20	-26.404191452071	2
159	407	-26.0546154856337	4
408	410	-25.6376109924153	5
145	153	-25.4441957870327	2
143	147	-25.2538233451256	2
5	13	-25.0737025201425	2
129	406	-24.8617542730238	5
134	413	-24.73851927142	5
207	369	-24.5023981140114	2
127	148	-24.4362864334122	2
131	418	-24.4094894319392	6
14	414	-24.3272255772282	6
2	204	-23.8946747416217	2
36	90	-23.6497897790651	2
26	423	-23.616259957028	7
149	419	-23.4140162597939	6
19	42	-23.3330118437443	2
180	405	-22.9300020093517	3
0	10	-22.6055227006066	2
77	422	-22.394029160808	7
85	89	-22.3380484742684	2
53	81	-22.3373239237426	2
421	427	-22.2463643949469	8
417	426	-21.9746655111669	9
84	431	-21.7755055883222	8
411	430	-21.7234909480675	4
420	424	-21.6146088764275	4
412	435	-21.5875041884611	11
160	434	-21.574759813441	9
92	409	-21.536175142244	3
436	438	-21.1752583924936	12
146	154	-20.8533960033117	2
416	440	-20.838137164995	11
41	425	-20.5577160492739	3
88	439	-20.3837128684958	12
43	442	-20.3053768683595	13
135	444	-20.0421853936809	12
368	447	-19.4804714853235	14
66	69	-19.4465936881854	2
25	38	-19.2849092820733	2
167	393	-18.8042274571357	2
445	446	-18.7688358729919	15
126	448	-18.7488729753955	13
140	142	-18.4492836138008	2
7	45	-18.3410057756085	2
61	63	-18.2535315654991	2
65	433	-18.1592643278279	3
27	453	-18.0288566355553	16
170	449	-18.0128446703271	15
35	437	-17.7975378992423	5
56	456	-17.6429554653019	3
155	454	-17.6120137414254	14
441	460	-17.566778186808	18
428	461	-17.4460397053652	7
62	462	-17.4109425695705	4
75	466	-17.2949361217049	5
429	458	-17.2830818730217	6
24	33	-17.2796838367415	2
269	452	-16.8673619381842	3
356	464	-16.6840047004893	19
263	332	-16.583074684805	2
133	156	-16.1397813502663	2
83	91	-16.0876104599416	2
238	388	-15.9757964952508	2
158	463	-15.9033645066333	15
23	465	-15.8738039489651	8
4	459	-15.8205992288616	17
358	471	-15.5450006881305	20
40	477	-15.4256282570313	9
249	479	-15.2692982386718	21
451	478	-15.2070644411933	19
12	29	-15.1975247152738	2
141	455	-15.03038669523	3
44	125	-14.9636737055419	2
415	476	-14.6940255926941	17
255	481	-14.6918522076798	22
47	124	-14.5179436211461	2
11	480	-14.4921391212869	10
1	482	-14.2562998476061	20
17	432	-14.1934275266865	3
175	182	-14.1713791187803	2
336	475	-14.158471330514	3
58	74	-14.0527126195122	2
229	268	-13.9411236500819	2
485	487	-13.8710810285488	24
138	177	-13.7971222154106	2
205	275	-13.7569723715941	2
64	489	-13.710459999366	11
469	483	-13.577042730776	4
121	468	-13.5281160549858	7
157	486	-13.4917488572154	18
28	467	-13.378854369833	6
472	493	-13.3548319157664	5
355	396	-13.3237738152627	2
185	494	-13.3230157477076	3
93	172	-13.3136009046235	2
6	78	-13.3132560730489	2
50	68	-13.0580405452988	2
243	299	-12.9800389757252	2
37	499	-12.9434227098164	12
82	490	-12.9430663237642	21
484	502	-12.7841741967552	21
470	496	-12.7591753987283	27
503	506	-12.6855478306977	9
250	384	-12.6670171689886	2
283	380	-12.5686410174026	2
497	514	-12.4030005242104	29
337	353	-12.2297371445588	2
116	178	-12.2239047397644	2
304	495	-12.1107776876876	3
500	511	-12.0981343524488	16
76	165	-12.0973669883948	2
509	515	-12.0448382617145	11
161	166	-11.8538050188452	2
117	120	-11.7579201116052	2
266	271	-11.691427621937	2
73	450	-11.5846363154448	3
501	524	-11.4886726428615	18
241	504	-11.4870128892348	6
488	525	-11.3664475955856	4
150	151	-11.3417837006578	2
212	517	-11.3326906869907	3
240	308	-11.2961373498749	2
59	512	-11.2117818495504	22
225	318	-11.1744527032092	2
218	277	-11.1696104636366	2
184	492	-11.140778468628	3
397	530	-11.0638351024386	7
162	316	-11.0299530388579	2
139	211	-11.0234394045349	2
473	507	-10.8820587057635	4
276	516	-10.8633566560214	3
505	518	-10.8373520033083	31
267	521	-10.750607123015	4
491	535	-10.7151581988673	25
513	532	-10.6850895605603	23
52	510	-10.6711020722373	3
539	544	-10.5257255974697	38
168	208	-10.5192334594253	2
351	379	-10.4730918741943	2
144	547	-10.1704497188101	24
508	529	-10.1370629999854	20
359	387	-10.0906120597731	2
363	383	-10.0472830864662	2
174	526	-10.0426815751429	3
371	533	-9.94955177099108	4
367	527	-9.80246742912527	3
345	534	-9.77718099518114	3
164	183	-9.72788405638626	2
60	123	-9.6730143155244	2
215	315	-9.47019450698681	2
523	553	-9.4189766492375	22
272	280	-9.41701871285176	2
306	550	-9.38301621334045	3
543	545	-9.36790717908662	7
301	307	-9.36043422730315	2
531	548	-9.34602373548814	7
152	552	-9.23880346612923	25
55	86	-9.21969424090774	2
339	522	-9.16427294428136	17
528	563	-9.14885500904377	25
248	349	-9.06489605368514	2
213	540	-9.03149837715026	3
549	559	-8.96125616616247	41
381	498	-8.86630845764492	3
209	557	-8.83495358710476	5
556	560	-8.73601388627071	5
54	572	-8.65319749343074	26
300	541	-8.63676346763082	3
319	537	-8.5930452853512	3
554	566	-8.59032319096055	9
49	214	-8.57752132201358	2
265	575	-8.54352088376689	42
305	374	-8.5212109860394	2
457	571	-8.50479582241791	19
274	375	-8.49050214581779	2
546	569	-8.44895957428951	50
119	565	-8.42841686844182	4
220	579	-8.42811540172364	27
122	313	-8.4047078575342	2
302	567	-8.36025300716636	3
551	576	-8.3093230938342	5
230	235	-8.28567921137821	2
519	584	-8.25246648606017	44
561	590	-8.2466871483937	29
169	520	-8.24551987880108	3
72	173	-8.18202710672958	2
364	577	-8.12910917127252	6
3	39	-8.1219469040125	2
279	303	-8.05120063644098	2
282	320	-8.02209612658027	2
311	570	-7.90568352542309	3
538	578	-7.89310932194202	8
395	595	-7.86891490495483	45
568	596	-7.79414865326242	36
284	386	-7.74090884818057	2
163	227	-7.67747052078	2
582	605	-7.62597193022642	54
536	580	-7.60261344251189	5
385	607	-7.39976899915659	3
71	258	-7.37025758691907	2
176	574	-7.36222591587229	4
260	593	-7.28881354700204	6
474	542	-7.19957316022849	6
338	399	-7.00836483343479	2
221	262	-6.94609792253625	2
555	609	-6.92622930025623	56
67	606	-6.81942910839675	37
588	618	-6.78478766407283	106
597	619	-6.74186589342563	40
237	329	-6.68553723648949	2
348	610	-6.67240449704525	6
599	614	-6.65512527519615	12
326	394	-6.63709119521194	2
228	589	-6.56887907322458	5
281	611	-6.3884803941646	4
16	586	-6.32113258129496	20
251	602	-6.26224575545349	3
352	357	-6.26035724999789	2
309	362	-6.24070357528226	2
259	261	-6.21628337229748	2
598	621	-6.19796540971209	42
573	627	-6.11109319312319	6
343	391	-6.09340225843445	2
314	613	-6.07568735690308	5
322	608	-5.88883216615384	3
603	633	-5.87195242268836	45
273	585	-5.81354675743579	3
179	591	-5.76360840108678	3
254	600	-5.76160881901454	3
592	624	-5.6910382674187	15
253	601	-5.68008505997804	3
564	634	-5.66484378841796	8
317	641	-5.64265251573842	4
247	626	-5.62648434092401	6
285	583	-5.53913698348718	3
216	217	-5.48456686057662	2
48	638	-5.40914655563394	46
370	581	-5.35564030824623	4
115	398	-5.346869498585	2
321	360	-5.32837615886594	2
210	252	-5.32708522460453	2
373	616	-5.32342912723065	3
354	366	-5.29449477314415	2
558	620	-5.25225520601987	109
562	649	-5.24333725337404	48
642	646	-5.17107242220386	21
219	657	-5.10540354611042	49
242	659	-5.00664335044668	50
223	325	-4.98810419301375	2
637	656	-4.95622312532775	112
623	662	-4.89799063930441	118
256	278	-4.86220736366217	2
206	644	-4.83202135297037	9
632	643	-4.75874172799451	5
377	594	-4.5433944647042	3
660	663	-4.53956336853477	168
628	629	-4.53847291642613	23
636	640	-4.45125504597221	8
650	665	-4.41077702263304	13
344	390	-4.38033126599086	2
617	639	-4.33045155976369	5
635	653	-4.26608936865214	4
658	671	-4.22585240382104	34
310	443	-4.20840890167475	3
132	615	-4.19302668031578	7
291	376	-4.19009052405708	2
350	652	-4.18274017719397	3
324	630	-4.16654655590913	3
645	668	-4.05505167073973	172
372	675	-4.03217064238335	35
239	612	-4.02879103071946	3
200	201	-3.9904533033785	2
224	340	-3.9336985613274	2
181	346	-3.87846903738719	2
651	682	-3.83033521857505	37
118	270	-3.82942636972375	2
244	342	-3.805466526819	2
673	687	-3.75939609643957	42
347	625	-3.75402727451093	3
400	681	-3.73011349129599	173
222	233	-3.71656209223692	2
631	680	-3.65366761626012	5
257	679	-3.60986266624077	4
670	689	-3.51698419735134	10
647	692	-3.50104074575554	176
328	672	-3.42609556718841	3
666	690	-3.39549150871684	47
389	655	-3.34915879004213	3
226	587	-3.3362002043613	3
669	697	-3.33264052505487	199
288	292	-3.29120493229286	2
654	702	-3.21431553327784	202
286	290	-3.20061209598854	2
699	704	-3.19125502111853	249
236	661	-2.9709133343046	3
341	382	-2.94603533078375	2
392	695	-2.93217855260893	5
676	694	-2.92216645571788	8
648	683	-2.90848137192798	5
334	691	-2.83106243708015	4
312	693	-2.83034314583977	3
87	706	-2.79114507779349	250
103	186	-2.70506231452796	2
70	714	-2.67913012452329	251
232	696	-2.67441653091873	11
677	716	-2.64125409649813	258
710	718	-2.60468041827215	266
604	717	-2.57605635377808	19
674	700	-2.55200714402557	7
719	721	-2.46931644287626	273
684	708	-2.43766953215193	4
698	712	-2.370810255749	7
192	365	-2.25954128357025	2
664	713	-2.25845269795978	5
231	667	-2.23062390179456	4
701	722	-2.21897498000492	276
688	728	-2.19612341747049	278
196	202	-2.17745715689762	2
711	729	-2.12471043828821	283
707	724	-1.96163732379447	10
731	732	-1.89440520016322	293
720	727	-1.89181985197067	23
194	198	-1.87986572366625	2
378	733	-1.85184306522186	294
333	703	-1.82984313410274	3
709	736	-1.8250311470699	299
191	195	-1.78232588591876	2
734	738	-1.67054566344127	322
361	725	-1.63938475547735	3
246	740	-1.51021661999576	323
686	742	-1.47288747970496	325
327	335	-1.42690696075665	2
102	715	-1.352318634546	3
245	743	-1.29868997746454	326
330	331	-1.29630197615624	2
264	726	-1.28077156300754	6
97	100	-1.25728133318433	2
622	746	-1.13143041058998	328
203	323	-1.10244021010333	2
294	739	-1.03571147986727	3
748	750	-1.03038426373968	334
678	753	-1.01319851846608	336
104	705	-0.997791807042936	3
199	730	-0.997791807042936	3
296	744	-0.869478542177481	3
685	754	-0.864612259331567	338
723	737	-0.773046325913629	7
757	758	-0.674178410887529	341
295	755	-0.667519978271388	4
190	751	-0.641844814195773	3
298	735	-0.625801040150978	3
105	745	-0.619411695177275	4
287	752	-0.615214962923355	4
297	741	-0.538435410052977	4
94	95	-0.522580847170926	2
96	767	-0.522580847170926	3
98	768	-0.522580847170926	4
99	769	-0.522580847170926	5
101	770	-0.522580847170926	6
106	771	-0.522580847170926	7
107	772	-0.522580847170926	8
108	773	-0.522580847170926	9
110	774	-0.522580847170926	10
111	775	-0.522580847170926	11
112	776	-0.522580847170926	12
113	777	-0.522580847170926	13
114	778	-0.522580847170926	14
171	779	-0.522580847170926	15
189	780	-0.522580847170926	16
193	781	-0.522580847170926	17
289	782	-0.522580847170926	18
293	783	-0.522580847170926	19
234	760	-0.511767461402896	342
109	749	-0.498926341470017	3
756	759	-0.481807840357606	10
761	784	-0.456575477879645	23
762	766	-0.410230240317944	7
187	788	-0.380849768619514	24
197	790	-0.376597119883142	25
763	791	-0.366943964180691	28
764	765	-0.365714110839044	8
786	792	-0.350582805657631	31
789	794	-0.336715922982215	38
793	795	-0.323140885962794	46
785	787	-0.304042312029128	352
747	796	-0.0905050846468236	48
797	798	-0.0550226035828778	400
188	799	-0.00413713814716556	401
